Interpolation:
       NALU  NAC  relu6  SS   tanh  sigm  selu   elu  relu   MLP
a+b     0.0	 0.0	43.1	57.7	57.7	57.9	 0.0	 0.0	 0.0	 0.4	
a-b     0.2	 0.0	68.7	30.9	43.2	57.3	 0.0	12.9	 0.0	 0.0	
a*b     0.1	44.5	99.8	99.9	99.9	99.9	 2.7	 2.0	 1.9	28.3	
a/b     0.8	96.7	73.5	14.2	78.5	 3.3	10.6	 9.7	 3.1	107.2	
a^2     0.1	58.9	99.9	99.9	99.9	99.9	 3.1	 0.5	 0.5	17.6	
sqrt(a) 0.0	12.4	24.3	 0.4	15.8	21.4	 1.6	 1.2	 1.2	 5.8	

Extrapolation:
       NALU  NAC  relu6  SS   tanh  sigm  selu   elu  relu   MLP
a+b     0.1	 0.0	43.4	58.3	58.4	58.6	 0.1	 0.0	 0.0	 0.4	
a-b     0.6	 0.0	69.3	29.8	41.0	55.9	 0.0	14.3	 0.1	 0.0	
a*b     0.3	39.4	99.9	99.9	99.9	99.9	 3.2	 2.6	 3.1	25.1	
a/b     2.6	103.5	70.8	22.4	86.4	28.5	37.8	27.3	16.6	119.3	
a^2     0.2	57.7	99.9	99.9	99.9	99.9	 4.1	 0.9	 0.7	18.8	
sqrt(a) 0.1	14.2	26.7	 0.8	18.9	22.2	 4.0	 1.6	 2.6	 5.6	


SS - softsign